0.7225309462022929
0.7227537759692707
0.723424060258677
0.7239080942304679
0.7233548782411631
0.7233605723867843
0.7235090954275044
0.7234257304153532
0.7236459294961858
0.7239057041468263
0.7246656372147191
0.7247594544647354
0.724872375574708
0.7255153980210075
0.7258035761290468
0.7261636918217385
0.7265491231945207
0.7268837469668127
0.7272190058876248
0.7275734668714322
0.7278981014605195
0.7287887506254465
0.7290832786825395
0.7293538640388496
0.7295443850206217
0.7297045493672132
0.7298678946522618
0.7301827538949923
0.7303085473185507
0.7332343901711693
0.7333211005685383
0.7334948959672002
0.73368181753622
0.7340531351881135
0.7342315376968321
0.7344081295259369
0.7345614072493998
0.7347621650609746
0.7349498229058011
0.7350848537197845
0.735277523130045
0.7354565852958425
0.7356313853005463
0.7357823683346332
0.7358841976006443
